920
406
621
260
190
561
913
621
692
300
944
534
601
675
300
146
853
971
724
631
759
868
766
220
840
136
832
622
748
710
314
355
146
445
681
470
226
658
111
665
980
108
838
652
633
446
697
217
641
240
800
168
747
362
799
382
519
205
570
832
426
590
105
300
822
480
297
611
673
151
590
671
532
414
198
556
118
797
479
633
256
731
959
654
958
996
473
406
893
227
465
181
883
287
969
458
493
882
741
745
941
850
820
669
587
204
316
743
400
572
123
271
201
855
954
165
490
233
588
187
426
728
646
259
460
977
871
842
455
460
332
615
415
247
220
239
767
465
464
380
865
437
994
956
350
699
132
609
321
984
140
554
845
613
648
190
457
454
657
967
187
556
598
380
118
418
200
290
130
731
866
334
409
587
526
418
550
758
675
827
184
818
447
849
995
561
891
368
905
234
887
992
966
211
269
216
362
425
770
634
290
358
690
990
284
610
211
955
860
392
453
488
874
459
167
763
299
568
369
764
410
131
950
159
510
168
372
103
856
292
996
810
993
909
175
586
810
404
336
107
263
901
590
400
320
957
870
156
100
364
350
759
961
429
351
990
851
589
760
554
841
471
970
274
267
796
501
220
463
934
145
544
791
842
126
913
112
269
719
896
110
380
167
820
429
667
207
673
210
748
383
571
370
200
745
766
146
377
140
368
832
363
616
595
294
270
363
680
445
766
568
668
560
999
828
100
430
729
344
584
549
312
648
700
857
512
572
741
792
925
650
858
926
881
746
296
394
341
696
204
621
345
555
561
303
242
532
110
660
810
253
271
896
508
570
768
887
288
427
834
796
977
679
132
580
392
716
975
564
855
241
127
590
851
146
643
250
780
136
994
997
635
360
590
753
238
745
961
123
104
439
711
524
460
344
778
472
400
710
930
656
952
254
299
146
833
267
607
942
227
519
620
399
284
331
222
565
397
995
789
738
364
631
777
268
583
968
586
247
836
659
354
326
825
259
946
952
566
434
240
346
872
615
506
179
802
577
576
530
480
144
742
680
904
266
176
772
305
643
632
709
153
950
567
522
967
280
331
482
639
590
395
146
384
252
359
476
665
734
947
848
844
657
107
364
915
640
200
877
571
415
400
553
687
889
741
540
112
477
131
140
400
253
316
317
514
743
178
839
617
972
177
169
124
704
862
870
558
894
498
933
620
250
873
510
900
161
530
653
170
711
837
271
741
845
972
894
257
448
569
987
460
752
784
719
213
406
302
164
140
195
910
133
156
448
243
162
170
794
328
173
260
955
364
539
827
281
881
933
346
115
486
710
852
873
808
590
282
520
412
773
345
858
240
763
214
437
417
800
910
217
836
716
265
106
721
121
358
859
760
346
765
834
618
562
540
768
325
254
988
350
813
600
807
475
835
366
764
756
584
676
254
631
284
420
254
358
523
247
105
401
804
262
1000
187
230
282
895
818
309
204
853
982
723
250
967
624
409
671
830
324
239
226
810
367
626
206
600
913
195
159
676
961
360
772
445
446
900
883
770
864
542
916
736
353
630
799
888
235
196
344
281
197
195
998
986
742
715
390
329
785
240
920
240
436
828
604
635
257
342
591
321
199
800
830
572
317
351
530
454
712
380
559
311
904
690
400
405
740
505
809
161
640
634
165
122
217
662
626
653
895
175
589
684
735
629
240
610
918
235
810
230
718
474
762
941
906
368
363
882
826
399
249
174
443
821
761
555
120
124
583
883
611
812
164
692
544
754
153
243
170
865
406
779
866
506
200
410
575
990
621
485
281
721
463
860
859
181
721
154
634
370
384
117
626
500
485
750
599
699
407
900
769
686
599
570
621
370
338
790
201
318
708
996
253
107
825
370
308
387
411
579
400
447
418
360
314
808
701
632
603
797
746
401
263
799
258
955
437
437
621
327
966
699
460
620
548
162
677
615
682
180
344
449
202
750
707
114
900
684
567
710
360
697
374
701
543
805
805
790
148
738
356
700
236
504
840
309
304
947
448
236
250
922
831
471
803
588
233
714
874
389
507
249
838
331
380
710
868
327
973
439
475
834
660
737
818
497
701
578
619
183
116
614
472
247
820
328
318
200
525
274
927
577
958
808
918
701
183
450
996
833
891
375
668
702
737
558
991
232
714
193
168
207
880
258
660
641
617
174
263
364
252
880
796
115
587
296
416
320
901
799
971
674
126
269
169
971
591
468
210
272
739
980
853
576
959
151
576
496
763
112
282
786
230
488
448
747
266
271
716
524
897
890
820
407
149
438
556
822
